A_ts_Adnn512,256,128_lossBCE_kd1.0_temp8.0_ce1.0_mmd0.0
val:
0.5691	0.6180	0.5771
0.5758	0.6269	0.5664
0.5959	0.6162	0.6101
0.6507	0.6445	0.6548
0.5787	0.5924	0.5836
0.5958	0.5745	0.5718
0.5626	0.5819	0.5787
0.6326	0.6248	0.6100
0.5361	0.6127	0.5493
0.6000	0.6080	0.5987
0.5897	0.6100	0.5900
0.0318	0.0204	0.0282
VAL result:
acc 0.5897±0.0318 uar 0.6100±0.0204 f1 0.5900±0.0282

tst:
0.5644	0.6150	0.5511
0.5512	0.5996	0.5598
0.6071	0.6073	0.6086
0.5332	0.5541	0.5379
0.5843	0.5550	0.5567
0.5612	0.5688	0.5638
0.6080	0.5884	0.5743
0.5388	0.5600	0.5563
0.5915	0.5942	0.5818
0.5177	0.5788	0.5301
0.5657	0.5821	0.5620
0.0297	0.0210	0.0212
TEST result:
acc 0.5657±0.0297 uar 0.5821±0.0210 f1 0.5620±0.0212
