A_ts_break30_Adnn512,256,128_lossBCE_kd1.0_temp2.0_ce0.5_mmd0.0
val:
0.5709	0.6098	0.5794
0.5852	0.6323	0.5780
0.6033	0.6311	0.6162
0.6403	0.6270	0.6375
0.5612	0.5764	0.5646
0.6034	0.5866	0.5818
0.5626	0.5879	0.5708
0.6212	0.6184	0.6061
0.5346	0.6009	0.5507
0.6000	0.6155	0.5976
0.5883	0.6086	0.5883
0.0299	0.0189	0.0247
VAL result:
acc 0.5883±0.0299 uar 0.6086±0.0189 f1 0.5883±0.0247

tst:
0.5928	0.6179	0.5883
0.5332	0.5928	0.5477
0.6133	0.6130	0.6175
0.5461	0.5491	0.5495
0.5862	0.5569	0.5606
0.5564	0.5694	0.5595
0.5777	0.5749	0.5530
0.5288	0.5483	0.5476
0.5983	0.6002	0.5915
0.5131	0.5831	0.5256
0.5646	0.5806	0.5641
0.0320	0.0239	0.0257
TEST result:
acc 0.5646±0.0320 uar 0.5806±0.0239 f1 0.5641±0.0257
