A_ts_Adnn512,256,128_lossKLdiv_kd1.0_temp2.0_ce1.0_mmd0.0
val:
0.5566	0.6100	0.5624
0.5777	0.6297	0.5656
0.5886	0.6417	0.6071
0.6320	0.6316	0.6295
0.5723	0.5823	0.5777
0.5958	0.5720	0.5757
0.5646	0.5841	0.5780
0.6439	0.6185	0.6204
0.5392	0.5938	0.5481
0.6017	0.6160	0.6000
0.5872	0.6080	0.5864
0.0309	0.0225	0.0252
VAL result:
acc 0.5872±0.0309 uar 0.6080±0.0225 f1 0.5864±0.0252

tst:
0.5758	0.6277	0.5656
0.5386	0.5954	0.5499
0.6175	0.6208	0.6134
0.5664	0.5924	0.5719
0.5920	0.5709	0.5742
0.5612	0.5761	0.5634
0.6288	0.6082	0.6021
0.5229	0.5477	0.5433
0.5864	0.5781	0.5733
0.5023	0.5668	0.4993
0.5692	0.5884	0.5656
0.0379	0.0240	0.0299
TEST result:
acc 0.5692±0.0379 uar 0.5884±0.0240 f1 0.5656±0.0299
