A_ts_Adnn512,256,128_lossKLdiv_kd1.0_temp8.0_ce0.0_mmd0.0
val:
0.5889	0.6138	0.5969
0.5720	0.6225	0.5625
0.5904	0.6179	0.6055
0.6424	0.6303	0.6401
0.5739	0.5862	0.5821
0.5958	0.5731	0.5757
0.5507	0.5847	0.5701
0.6420	0.6377	0.6151
0.5515	0.6044	0.5661
0.6000	0.6131	0.6007
0.5908	0.6084	0.5915
0.0303	0.0200	0.0235
VAL result:
acc 0.5908±0.0303 uar 0.6084±0.0200 f1 0.5915±0.0235

tst:
0.5890	0.6196	0.5867
0.5494	0.5947	0.5614
0.6258	0.6216	0.6242
0.5590	0.5796	0.5695
0.5862	0.5546	0.5567
0.5755	0.5800	0.5843
0.6231	0.6062	0.5885
0.5249	0.5627	0.5461
0.6017	0.5981	0.5918
0.5054	0.5620	0.5108
0.5740	0.5879	0.5720
0.0377	0.0227	0.0292
TEST result:
acc 0.5740±0.0377 uar 0.5879±0.0227 f1 0.5720±0.0292
