A_ts_Adnn512,256,128_lossMSE_kd1.0_temp2.0_ce0.5_mmd0.0
val:
0.5583	0.6046	0.5666
0.5871	0.6358	0.5802
0.5756	0.6350	0.5918
0.6507	0.6489	0.6543
0.5723	0.5870	0.5779
0.6015	0.5767	0.5846
0.5746	0.5951	0.5887
0.6326	0.6166	0.6056
0.5591	0.5990	0.5632
0.5949	0.6177	0.5948
0.5907	0.6116	0.5908
0.0289	0.0221	0.0244
VAL result:
acc 0.5907±0.0289 uar 0.6116±0.0221 f1 0.5908±0.0244

tst:
0.5833	0.6187	0.5785
0.5404	0.5898	0.5465
0.6216	0.6198	0.6199
0.5387	0.5807	0.5536
0.5881	0.5634	0.5662
0.5310	0.5439	0.5332
0.6136	0.5885	0.5796
0.5328	0.5731	0.5492
0.5898	0.5879	0.5850
0.4992	0.5721	0.5127
0.5639	0.5838	0.5624
0.0385	0.0220	0.0287
TEST result:
acc 0.5639±0.0385 uar 0.5838±0.0220 f1 0.5624±0.0287
