A_ts_Adnn512,256,128_lossMSE_kd1.0_temp2.0_ce1.0_mmd0.0
val:
0.5476	0.6010	0.5570
0.5814	0.6267	0.5753
0.5756	0.6342	0.5979
0.6299	0.6333	0.6294
0.5771	0.5930	0.5756
0.5939	0.5702	0.5697
0.5586	0.5883	0.5731
0.6420	0.6248	0.6205
0.5469	0.6026	0.5562
0.6034	0.6165	0.6012
0.5856	0.6091	0.5856
0.0306	0.0203	0.0241
VAL result:
acc 0.5856±0.0306 uar 0.6091±0.0203 f1 0.5856±0.0241

tst:
0.5417	0.5960	0.5280
0.5314	0.5845	0.5422
0.6050	0.6017	0.6002
0.5480	0.5733	0.5571
0.5862	0.5596	0.5592
0.5787	0.5902	0.5837
0.6098	0.5842	0.5756
0.5686	0.5818	0.5786
0.5847	0.5960	0.5856
0.5346	0.6012	0.5438
0.5689	0.5869	0.5654
0.0272	0.0125	0.0218
TEST result:
acc 0.5689±0.0272 uar 0.5869±0.0125 f1 0.5654±0.0218
