A_ts_Adnn512,256,128_lossBCE_kd1.0_temp8.0_ce0.0_mmd0.0
val:
0.5799	0.6119	0.5872
0.5739	0.6282	0.5629
0.6033	0.6168	0.6018
0.6507	0.6419	0.6477
0.5501	0.5772	0.5554
0.5862	0.5661	0.5769
0.5586	0.5794	0.5743
0.6458	0.6328	0.6159
0.5453	0.6086	0.5615
0.5881	0.6064	0.5888
0.5882	0.6069	0.5872
0.0345	0.0240	0.0269
VAL result:
acc 0.5882±0.0345 uar 0.6069±0.0240 f1 0.5872±0.0269

tst:
0.5928	0.6307	0.5907
0.5350	0.5980	0.5415
0.5904	0.5918	0.5953
0.5535	0.5882	0.5641
0.5785	0.5560	0.5552
0.5564	0.5676	0.5636
0.6193	0.6037	0.5880
0.5348	0.5699	0.5592
0.5983	0.5955	0.5900
0.4931	0.5694	0.5017
0.5652	0.5871	0.5649
0.0358	0.0208	0.0272
TEST result:
acc 0.5652±0.0358 uar 0.5871±0.0208 f1 0.5649±0.0272
