A_ts_break5_Adnn512,256,128_lossBCE_kd1.0_temp2.0_ce0.5_mmd0.0
val:
0.5655	0.6120	0.5793
0.5871	0.6310	0.5787
0.5720	0.6180	0.5866
0.6362	0.6340	0.6352
0.5755	0.5886	0.5793
0.6092	0.5804	0.5892
0.5626	0.5877	0.5827
0.6383	0.6230	0.6105
0.5530	0.6101	0.5649
0.5966	0.6029	0.5937
0.5896	0.6088	0.5900
0.0285	0.0177	0.0188
VAL result:
acc 0.5896±0.0285 uar 0.6088±0.0177 f1 0.5900±0.0188

tst:
0.5701	0.6100	0.5632
0.5314	0.5889	0.5378
0.5946	0.5951	0.5950
0.5535	0.5912	0.5658
0.5824	0.5567	0.5567
0.5374	0.5533	0.5407
0.6269	0.6031	0.5985
0.5388	0.5549	0.5535
0.6051	0.6299	0.6073
0.5361	0.5786	0.5474
0.5676	0.5862	0.5666
0.0318	0.0242	0.0237
TEST result:
acc 0.5676±0.0318 uar 0.5862±0.0242 f1 0.5666±0.0237
