A_ts_Adnn512,256,128_lossBCE_kd1.0_temp4.0_ce0.0_mmd0.0
val:
0.5512	0.6101	0.5596
0.5852	0.6372	0.5757
0.6310	0.6512	0.6326
0.6466	0.6474	0.6455
0.5628	0.5798	0.5671
0.5939	0.5762	0.5827
0.5527	0.5816	0.5745
0.6402	0.6401	0.6164
0.5484	0.6173	0.5608
0.5881	0.6088	0.5880
0.5900	0.6150	0.5903
0.0358	0.0272	0.0290
VAL result:
acc 0.5900±0.0358 uar 0.6150±0.0272 f1 0.5903±0.0290

tst:
0.5663	0.6153	0.5550
0.5296	0.5942	0.5353
0.5925	0.5942	0.6021
0.5590	0.5809	0.5667
0.5766	0.5547	0.5483
0.5580	0.5612	0.5640
0.6174	0.5902	0.5789
0.5249	0.5719	0.5448
0.5763	0.5809	0.5763
0.5192	0.5798	0.5298
0.5620	0.5823	0.5601
0.0295	0.0166	0.0209
TEST result:
acc 0.5620±0.0295 uar 0.5823±0.0166 f1 0.5601±0.0209
