A_ts_Adnn512,256,128_lossBCE_kd1.0_temp2.0_ce0.5_mmd0.0
val:
0.5548	0.6101	0.5605
0.5720	0.6251	0.5621
0.5923	0.6214	0.6057
0.6175	0.6281	0.6204
0.5755	0.5840	0.5809
0.5977	0.5789	0.5754
0.5646	0.5904	0.5820
0.6326	0.6258	0.6127
0.5453	0.6147	0.5556
0.5983	0.6139	0.5955
0.5851	0.6092	0.5851
0.0262	0.0173	0.0216
VAL result:
acc 0.5851±0.0262 uar 0.6092±0.0173 f1 0.5851±0.0216

tst:
0.5701	0.6142	0.5604
0.5386	0.6001	0.5485
0.5967	0.5960	0.5933
0.5756	0.6034	0.5922
0.5900	0.5693	0.5684
0.5580	0.5703	0.5596
0.6174	0.6031	0.5926
0.5427	0.5720	0.5635
0.5881	0.5956	0.5783
0.5422	0.5906	0.5522
0.5719	0.5915	0.5709
0.0252	0.0149	0.0162
TEST result:
acc 0.5719±0.0252 uar 0.5915±0.0149 f1 0.5709±0.0162
