A_ts_Adnn512,256,128_lossBCE_kd1.0_temp4.0_ce1.0_mmd0.0
val:
0.5691	0.6118	0.5782
0.6023	0.6360	0.5963
0.6033	0.6265	0.6148
0.6362	0.6374	0.6344
0.5628	0.5782	0.5690
0.5977	0.5705	0.5785
0.5586	0.5840	0.5770
0.6231	0.6205	0.6099
0.5484	0.5970	0.5521
0.5898	0.6045	0.5869
0.5891	0.6066	0.5897
0.0274	0.0227	0.0231
VAL result:
acc 0.5891±0.0274 uar 0.6066±0.0227 f1 0.5897±0.0231

tst:
0.5511	0.5958	0.5391
0.5709	0.6045	0.5809
0.5988	0.6049	0.5983
0.5314	0.5723	0.5473
0.5958	0.5713	0.5737
0.5707	0.5806	0.5772
0.6174	0.6039	0.5936
0.5368	0.5674	0.5552
0.5898	0.5950	0.5934
0.5223	0.5912	0.5359
0.5685	0.5887	0.5695
0.0306	0.0139	0.0222
TEST result:
acc 0.5685±0.0306 uar 0.5887±0.0139 f1 0.5695±0.0222
