A_ts_Adnn512,256,128_lossMSE_kd1.0_temp2.0_ce0.0_mmd0.0
val:
0.5476	0.6009	0.5536
0.5720	0.6271	0.5619
0.5738	0.6216	0.5908
0.6299	0.6398	0.6277
0.5723	0.5868	0.5783
0.6092	0.5903	0.5928
0.5547	0.5880	0.5739
0.6326	0.6229	0.6140
0.5422	0.6061	0.5517
0.6000	0.6366	0.6041
0.5834	0.6120	0.5849
0.0311	0.0191	0.0243
VAL result:
acc 0.5834±0.0311 uar 0.6120±0.0191 f1 0.5849±0.0243

tst:
0.5511	0.6004	0.5385
0.5386	0.6042	0.5468
0.5551	0.5774	0.5552
0.5738	0.6198	0.5922
0.5824	0.5573	0.5598
0.5469	0.5561	0.5552
0.6117	0.5934	0.5793
0.5308	0.5622	0.5536
0.5814	0.5851	0.5714
0.5330	0.5911	0.5423
0.5605	0.5847	0.5594
0.0248	0.0203	0.0160
TEST result:
acc 0.5605±0.0248 uar 0.5847±0.0203 f1 0.5594±0.0160
