A_ts_Adnn512,256,128_lossMSE_kd1.0_temp4.0_ce1.0_mmd0.0
val:
0.5458	0.6091	0.5503
0.5928	0.6370	0.5850
0.5904	0.6203	0.5982
0.6320	0.6291	0.6308
0.5628	0.5769	0.5649
0.6015	0.5745	0.5800
0.5567	0.5770	0.5765
0.6439	0.6189	0.6106
0.5545	0.6053	0.5673
0.5898	0.6097	0.5914
0.5870	0.6058	0.5855
0.0313	0.0214	0.0223
VAL result:
acc 0.5870±0.0313 uar 0.6058±0.0214 f1 0.5855±0.0223

tst:
0.5360	0.5959	0.5188
0.5332	0.5919	0.5424
0.5821	0.5956	0.5889
0.5258	0.5373	0.5344
0.5824	0.5496	0.5556
0.5580	0.5716	0.5630
0.6080	0.5859	0.5752
0.5586	0.5831	0.5746
0.5949	0.5988	0.5916
0.5115	0.5790	0.5188
0.5590	0.5789	0.5563
0.0305	0.0196	0.0256
TEST result:
acc 0.5590±0.0305 uar 0.5789±0.0196 f1 0.5563±0.0256
