A_ts_Adnn512,256,128_lossKLdiv_kd1.0_temp2.0_ce0.0_mmd0.0
val:
0.5691	0.6116	0.5796
0.6042	0.6499	0.5992
0.6052	0.6308	0.6140
0.6466	0.6371	0.6432
0.5628	0.5769	0.5696
0.6015	0.5796	0.5814
0.5646	0.5871	0.5805
0.6383	0.6218	0.6153
0.5499	0.6153	0.5670
0.6085	0.6126	0.6060
0.5951	0.6123	0.5956
0.0310	0.0233	0.0230
VAL result:
acc 0.5951±0.0310 uar 0.6123±0.0233 f1 0.5956±0.0230

tst:
0.5644	0.6026	0.5547
0.5332	0.5864	0.5450
0.6175	0.6135	0.6168
0.5387	0.5626	0.5520
0.6054	0.5816	0.5847
0.5755	0.5854	0.5822
0.6136	0.5924	0.5806
0.5348	0.5599	0.5571
0.5966	0.6110	0.5957
0.5146	0.5626	0.5180
0.5694	0.5858	0.5687
0.0358	0.0187	0.0271
TEST result:
acc 0.5694±0.0358 uar 0.5858±0.0187 f1 0.5687±0.0271
