A_ts_Adnn512,256,128_lossBCE_kd1.0_temp4.0_ce0.5_mmd0.0
val:
0.5655	0.6078	0.5759
0.5871	0.6332	0.5804
0.5904	0.6374	0.5970
0.6445	0.6418	0.6476
0.5787	0.5911	0.5806
0.6034	0.5826	0.5846
0.5666	0.5868	0.5837
0.6288	0.6186	0.6018
0.5330	0.6038	0.5429
0.6034	0.6143	0.6028
0.5901	0.6117	0.5897
0.0306	0.0201	0.0252
VAL result:
acc 0.5901±0.0306 uar 0.6117±0.0201 f1 0.5897±0.0252

tst:
0.5871	0.6241	0.5817
0.5350	0.5843	0.5421
0.5988	0.6003	0.6039
0.5590	0.5920	0.5749
0.5939	0.5703	0.5711
0.5485	0.5599	0.5543
0.6136	0.6017	0.5917
0.5388	0.5600	0.5603
0.6119	0.6141	0.6122
0.5607	0.6021	0.5651
0.5747	0.5909	0.5757
0.0283	0.0209	0.0209
TEST result:
acc 0.5747±0.0283 uar 0.5909±0.0209 f1 0.5757±0.0209
