A_ts_Adnn512,256,128_lossKLdiv_kd1.0_temp4.0_ce1.0_mmd0.0
val:
0.5601	0.6146	0.5687
0.5890	0.6370	0.5827
0.5959	0.6317	0.6057
0.6237	0.6333	0.6217
0.5660	0.5785	0.5675
0.5900	0.5675	0.5674
0.5527	0.5765	0.5677
0.6326	0.6220	0.6115
0.5515	0.6036	0.5640
0.5847	0.6096	0.5861
0.5846	0.6074	0.5843
0.0266	0.0241	0.0203
VAL result:
acc 0.5846±0.0266 uar 0.6074±0.0241 f1 0.5843±0.0203

tst:
0.5739	0.6276	0.5643
0.5619	0.6041	0.5676
0.5967	0.6091	0.5999
0.5517	0.5983	0.5635
0.5900	0.5549	0.5559
0.5564	0.5697	0.5578
0.6155	0.6015	0.5978
0.5388	0.5653	0.5565
0.5864	0.5903	0.5871
0.4962	0.5689	0.5059
0.5668	0.5890	0.5656
0.0322	0.0221	0.0255
TEST result:
acc 0.5668±0.0322 uar 0.5890±0.0221 f1 0.5656±0.0255
