A_ts_Adnn512,256,128_lossMSE_kd1.0_temp8.0_ce0.0_mmd0.0
val:
0.5889	0.6128	0.5956
0.5739	0.6252	0.5658
0.6089	0.6102	0.6131
0.6237	0.6263	0.6239
0.5628	0.5815	0.5705
0.5862	0.5592	0.5625
0.5507	0.5791	0.5686
0.6439	0.6305	0.6155
0.5453	0.6147	0.5647
0.5898	0.5986	0.5871
0.5874	0.6038	0.5867
0.0298	0.0225	0.0226
VAL result:
acc 0.5874±0.0298 uar 0.6038±0.0225 f1 0.5867±0.0226

tst:
0.5928	0.6169	0.5891
0.5458	0.5926	0.5534
0.5904	0.5968	0.5899
0.5535	0.5914	0.5745
0.5594	0.5323	0.5377
0.5676	0.5769	0.5732
0.6231	0.6018	0.5878
0.5288	0.5606	0.5512
0.5814	0.5724	0.5731
0.4916	0.5671	0.4974
0.5634	0.5809	0.5627
0.0350	0.0230	0.0274
TEST result:
acc 0.5634±0.0350 uar 0.5809±0.0230 f1 0.5627±0.0274
