A_ts_Adnn512,256,128_lossBCE_kd1.0_temp2.0_ce1.0_mmd0.0
val:
0.5476	0.6023	0.5543
0.5852	0.6282	0.5792
0.5904	0.6302	0.6047
0.6403	0.6418	0.6395
0.5739	0.5843	0.5782
0.6034	0.5822	0.5907
0.5527	0.5773	0.5683
0.6439	0.6375	0.6257
0.5469	0.5984	0.5487
0.6000	0.6204	0.5985
0.5884	0.6103	0.5888
0.0332	0.0230	0.0278
VAL result:
acc 0.5884±0.0332 uar 0.6103±0.0230 f1 0.5888±0.0278

tst:
0.5833	0.6322	0.5744
0.5440	0.5911	0.5584
0.6071	0.6097	0.6037
0.5609	0.5707	0.5650
0.5805	0.5633	0.5562
0.5676	0.5720	0.5702
0.6117	0.5825	0.5760
0.5229	0.5601	0.5438
0.5864	0.6047	0.5864
0.5146	0.5783	0.5220
0.5679	0.5865	0.5656
0.0311	0.0218	0.0215
TEST result:
acc 0.5679±0.0311 uar 0.5865±0.0218 f1 0.5656±0.0215
