A_ts_Adnn512,256,128_lossKLdiv_kd1.0_temp4.0_ce0.5_mmd0.0
val:
0.5817	0.6091	0.5909
0.5814	0.6365	0.5721
0.6070	0.6305	0.6131
0.6383	0.6324	0.6381
0.5676	0.5783	0.5691
0.5939	0.5677	0.5739
0.5706	0.5866	0.5863
0.6534	0.6233	0.6190
0.5530	0.6047	0.5615
0.6102	0.6080	0.6047
0.5957	0.6077	0.5929
0.0302	0.0226	0.0238
VAL result:
acc 0.5957±0.0302 uar 0.6077±0.0226 f1 0.5929±0.0238

tst:
0.5587	0.5845	0.5540
0.5332	0.5943	0.5455
0.5759	0.5892	0.5784
0.5480	0.5755	0.5548
0.5824	0.5489	0.5532
0.5421	0.5537	0.5484
0.6231	0.6121	0.6013
0.5328	0.5590	0.5537
0.6136	0.6118	0.6092
0.5100	0.5692	0.5208
0.5620	0.5798	0.5619
0.0346	0.0214	0.0254
TEST result:
acc 0.5620±0.0346 uar 0.5798±0.0214 f1 0.5619±0.0254
