A_ts_Adnn512,256,128_lossKLdiv_kd1.0_temp8.0_ce1.0_mmd0.0
val:
0.5619	0.6172	0.5710
0.5871	0.6416	0.5768
0.6052	0.6115	0.6047
0.6445	0.6363	0.6423
0.5723	0.5866	0.5791
0.5881	0.5639	0.5753
0.5666	0.5794	0.5815
0.6420	0.6250	0.6196
0.5515	0.5969	0.5641
0.5814	0.5926	0.5845
0.5901	0.6051	0.5899
0.0302	0.0241	0.0234
VAL result:
acc 0.5901±0.0302 uar 0.6051±0.0241 f1 0.5899±0.0234

tst:
0.5871	0.6388	0.5800
0.5350	0.6002	0.5455
0.5946	0.6011	0.6034
0.5351	0.5530	0.5422
0.5958	0.5682	0.5753
0.5723	0.5819	0.5790
0.6345	0.6174	0.6083
0.5427	0.5780	0.5669
0.5729	0.5738	0.5680
0.5330	0.5797	0.5411
0.5703	0.5892	0.5710
0.0321	0.0240	0.0224
TEST result:
acc 0.5703±0.0321 uar 0.5892±0.0240 f1 0.5710±0.0224
