A_ts_Adnn512,256,128_lossBCE_kd1.0_temp2.0_ce0.0_mmd0.0
val:
0.5619	0.6045	0.5695
0.5814	0.6311	0.5743
0.6125	0.6214	0.6129
0.6445	0.6514	0.6447
0.5723	0.5839	0.5754
0.6015	0.5753	0.5821
0.5547	0.5789	0.5716
0.6439	0.6298	0.6188
0.5591	0.6102	0.5671
0.6169	0.6164	0.6151
0.5949	0.6103	0.5932
0.0322	0.0237	0.0258
VAL result:
acc 0.5949±0.0322 uar 0.6103±0.0237 f1 0.5932±0.0258

tst:
0.5814	0.6153	0.5728
0.5691	0.6172	0.5813
0.5946	0.6102	0.5963
0.5480	0.5699	0.5574
0.5881	0.5615	0.5638
0.5771	0.5831	0.5828
0.6098	0.5935	0.5896
0.5388	0.5607	0.5587
0.5915	0.5902	0.5834
0.5100	0.5877	0.5222
0.5708	0.5889	0.5708
0.0287	0.0198	0.0204
TEST result:
acc 0.5708±0.0287 uar 0.5889±0.0198 f1 0.5708±0.0204
