A_ts_Adnn512,256,128_lossKLdiv_kd1.0_temp4.0_ce0.0_mmd0.0
val:
0.5835	0.6140	0.5950
0.5852	0.6332	0.5805
0.5978	0.6334	0.6097
0.6507	0.6407	0.6501
0.5660	0.5768	0.5731
0.5996	0.5769	0.5813
0.5646	0.5868	0.5785
0.6477	0.6336	0.6197
0.5253	0.6072	0.5419
0.6034	0.6062	0.6000
0.5924	0.6109	0.5930
0.0357	0.0231	0.0280
VAL result:
acc 0.5924±0.0357 uar 0.6109±0.0231 f1 0.5930±0.0280

tst:
0.5777	0.6311	0.5711
0.5422	0.6021	0.5508
0.5738	0.5886	0.5757
0.5443	0.5702	0.5505
0.5958	0.5759	0.5796
0.5692	0.5814	0.5713
0.6155	0.5987	0.5856
0.5249	0.5522	0.5449
0.5881	0.5925	0.5767
0.5115	0.5604	0.5190
0.5643	0.5853	0.5625
0.0311	0.0216	0.0196
TEST result:
acc 0.5643±0.0311 uar 0.5853±0.0216 f1 0.5625±0.0196
