A_ts_Adnn512,256,128_lossKLdiv_kd1.0_temp2.0_ce0.5_mmd0.0
val:
0.5601	0.6014	0.5657
0.5852	0.6377	0.5773
0.6125	0.6462	0.6227
0.6320	0.6351	0.6300
0.5803	0.5883	0.5868
0.5977	0.5699	0.5757
0.5706	0.5855	0.5878
0.6383	0.6222	0.6104
0.5469	0.5967	0.5534
0.5932	0.6214	0.5917
0.5917	0.6104	0.5902
0.0281	0.0243	0.0232
VAL result:
acc 0.5917±0.0281 uar 0.6104±0.0243 f1 0.5902±0.0232

tst:
0.5966	0.6169	0.5916
0.5117	0.5780	0.5208
0.5863	0.5974	0.5857
0.5498	0.5999	0.5646
0.5805	0.5669	0.5678
0.5501	0.5544	0.5557
0.6042	0.5954	0.5838
0.5368	0.5800	0.5529
0.5678	0.5719	0.5652
0.5207	0.5898	0.5306
0.5605	0.5851	0.5619
0.0301	0.0174	0.0218
TEST result:
acc 0.5605±0.0301 uar 0.5851±0.0174 f1 0.5619±0.0218
