A_ts_Adnn512,256,128_lossMSE_kd1.0_temp8.0_ce0.5_mmd0.0
val:
0.5655	0.6175	0.5749
0.5777	0.6330	0.5698
0.5886	0.6175	0.6011
0.6466	0.6317	0.6408
0.5723	0.5851	0.5754
0.5939	0.5700	0.5770
0.5666	0.5872	0.5827
0.6420	0.6342	0.6192
0.5607	0.6111	0.5702
0.5915	0.6093	0.5948
0.5905	0.6097	0.5906
0.0290	0.0211	0.0224
VAL result:
acc 0.5905±0.0290 uar 0.6097±0.0211 f1 0.5906±0.0224

tst:
0.5625	0.6177	0.5515
0.5350	0.5928	0.5457
0.6258	0.6231	0.6294
0.5387	0.5695	0.5426
0.5728	0.5522	0.5521
0.5517	0.5682	0.5562
0.6136	0.5857	0.5803
0.5408	0.5669	0.5608
0.5932	0.6068	0.5948
0.5161	0.5616	0.5245
0.5650	0.5845	0.5638
0.0342	0.0235	0.0287
TEST result:
acc 0.5650±0.0342 uar 0.5845±0.0235 f1 0.5638±0.0287
