A_ts_Adnn512,256,128_lossMSE_kd1.0_temp4.0_ce0.5_mmd0.0
val:
0.5673	0.6187	0.5809
0.5777	0.6332	0.5674
0.5996	0.6297	0.6121
0.6341	0.6341	0.6318
0.5707	0.5818	0.5728
0.6130	0.5974	0.6006
0.5447	0.5740	0.5593
0.6345	0.6323	0.6194
0.5284	0.6000	0.5377
0.6000	0.6042	0.6006
0.5870	0.6105	0.5883
0.0338	0.0211	0.0280
VAL result:
acc 0.5870±0.0338 uar 0.6105±0.0211 f1 0.5883±0.0280

tst:
0.5795	0.6183	0.5721
0.5386	0.5982	0.5509
0.5946	0.5967	0.5904
0.5295	0.5568	0.5420
0.5824	0.5571	0.5516
0.5533	0.5638	0.5607
0.6212	0.5931	0.5877
0.5348	0.5585	0.5530
0.5983	0.6130	0.5967
0.5084	0.5681	0.5200
0.5641	0.5824	0.5625
0.0344	0.0228	0.0229
TEST result:
acc 0.5641±0.0344 uar 0.5824±0.0228 f1 0.5625±0.0229
