A_ts_Adnn512,256,128_lossMSE_kd1.0_temp8.0_ce1.0_mmd0.0
val:
0.5637	0.6094	0.5687
0.5814	0.6335	0.5733
0.5941	0.6405	0.6063
0.6320	0.6332	0.6301
0.5723	0.5853	0.5768
0.5881	0.5661	0.5703
0.5507	0.5805	0.5700
0.6383	0.6292	0.6127
0.5269	0.6023	0.5413
0.5932	0.6139	0.5904
0.5841	0.6094	0.5840
0.0322	0.0242	0.0247
VAL result:
acc 0.5841±0.0322 uar 0.6094±0.0242 f1 0.5840±0.0247

tst:
0.5644	0.5893	0.5554
0.5422	0.5934	0.5495
0.5946	0.6058	0.5997
0.5295	0.5541	0.5389
0.5843	0.5584	0.5596
0.5533	0.5707	0.5602
0.6117	0.5842	0.5770
0.5487	0.5944	0.5695
0.5932	0.5991	0.5840
0.4885	0.5727	0.5032
0.5610	0.5822	0.5597
0.0348	0.0166	0.0252
TEST result:
acc 0.5610±0.0348 uar 0.5822±0.0166 f1 0.5597±0.0252
