A_ts_Adnn512,256,128_lossKLdiv_kd1.0_temp8.0_ce0.5_mmd0.0
val:
0.5799	0.6148	0.5912
0.5720	0.6285	0.5612
0.6089	0.6348	0.6134
0.6424	0.6335	0.6423
0.5660	0.5807	0.5696
0.5862	0.5597	0.5644
0.5686	0.5804	0.5836
0.6553	0.6332	0.6226
0.5346	0.5932	0.5442
0.6017	0.6036	0.6007
0.5916	0.6062	0.5893
0.0347	0.0255	0.0291
VAL result:
acc 0.5916±0.0347 uar 0.6062±0.0255 f1 0.5893±0.0291

tst:
0.5966	0.6433	0.5946
0.5386	0.5901	0.5492
0.5800	0.5970	0.5827
0.5424	0.5650	0.5557
0.5728	0.5409	0.5414
0.5501	0.5578	0.5594
0.6136	0.6001	0.5892
0.5209	0.5516	0.5438
0.5915	0.5856	0.5864
0.5100	0.5738	0.5203
0.5616	0.5805	0.5623
0.0326	0.0281	0.0235
TEST result:
acc 0.5616±0.0326 uar 0.5805±0.0281 f1 0.5623±0.0235
