A_ts_Adnn512,256,128_lossBCE_kd1.0_temp8.0_ce0.5_mmd0.0
val:
0.5763	0.6114	0.5838
0.5682	0.6215	0.5568
0.5959	0.6125	0.6082
0.6549	0.6457	0.6585
0.5692	0.5893	0.5716
0.5881	0.5642	0.5679
0.5527	0.5763	0.5671
0.6496	0.6314	0.6222
0.5530	0.6133	0.5632
0.5915	0.6062	0.5910
0.5899	0.6072	0.5890
0.0341	0.0234	0.0304
VAL result:
acc 0.5899±0.0341 uar 0.6072±0.0234 f1 0.5890±0.0304

tst:
0.6004	0.6422	0.5953
0.5350	0.5879	0.5427
0.5988	0.5959	0.5984
0.5627	0.5712	0.5696
0.5709	0.5446	0.5384
0.5501	0.5652	0.5572
0.6117	0.5950	0.5805
0.5209	0.5559	0.5451
0.5983	0.6110	0.5981
0.5084	0.5715	0.5189
0.5657	0.5840	0.5644
0.0346	0.0272	0.0268
TEST result:
acc 0.5657±0.0346 uar 0.5840±0.0272 f1 0.5644±0.0268
