A_ts_Adnn512,256,128_lossMSE_kd1.0_temp4.0_ce0.0_mmd0.0
val:
0.5601	0.6055	0.5688
0.5758	0.6279	0.5625
0.5941	0.6355	0.6017
0.6258	0.6281	0.6237
0.5628	0.5770	0.5698
0.5977	0.5729	0.5754
0.5567	0.5851	0.5727
0.6534	0.6399	0.6254
0.5422	0.6115	0.5540
0.5983	0.6059	0.5978
0.5867	0.6089	0.5852
0.0325	0.0230	0.0240
VAL result:
acc 0.5867±0.0325 uar 0.6089±0.0230 f1 0.5852±0.0240

tst:
0.5720	0.6142	0.5648
0.5296	0.5951	0.5368
0.5509	0.5829	0.5515
0.5498	0.5893	0.5692
0.5920	0.5702	0.5677
0.5707	0.5848	0.5776
0.6080	0.6083	0.5857
0.5288	0.5674	0.5505
0.5932	0.6156	0.5879
0.5131	0.5671	0.5186
0.5608	0.5895	0.5610
0.0299	0.0176	0.0208
TEST result:
acc 0.5608±0.0299 uar 0.5895±0.0176 f1 0.5610±0.0208
